010103
010109
010112
010119
010121
010122
010123
010124
010125
010126
010127
010202
010203
010204
010206
010209
010210
010304
010305
010307
010309
010310
010312
010313
010316
010317
010318
010402
010407
010409
010411
010413
010414
010415
010416
010417
010418
010419
010420
010421
010422
010423
010424
010501
010502
010505
010508
010510
010511
010513
010515
010516
010517
010602
010606
010607
010608
010610
010611
010702
010704
010705
010706
010801
010805
010806
010808
010809
010901
010902
010904
010907
010908
010913
010914
010916
010917
010918
010919
010921
010922
010924
010925
010926
010932
010933
010934
010935
010936
011005
011006
011007
011008
011102
011103
011104
011106
011107
011109
011201
011202
011203
011204
011301
011302
011303
011304
011305
011310
011315
011318
011319
011320
011321
011322
011403
011404
011405
011407
011502
011503
011504
011507
011509
011601
011702
011704
011705
011706
011708
011710
011711
011801
011804
011805
011807
011810
011812
011813
011814
011901
011902
011903
011905
011906
011907
011910
020102
020103
020104
020106
020203
020205
020206
020208
020209
020210
020301
020302
020401
020502
020503
020504
020506
020510
020516
020519
020520
020521
020522
020523
020524
020603
020604
020605
020606
020701
020702
020703
020704
020803
020804
020807
020808
020901
020902
020903
020904
020905
020906
020910
021001
021002
021008
021009
021010
021102
021103
021106
021107
021111
021115
021116
021117
021118
021119
021120
021121
021122
021203
021206
021207
021208
021302
021303
021307
021308
021309
021401
021402
021403
021404
030102
030104
030105
030107
030108
030111
030112
030113
030118
030119
030120
030125
030126
030127
030128
030129
030201
030202
030203
030205
030206
030208
030209
030210
030212
030213
030215
030216
030218
030220
030221
030224
030228
030234
030235
030237
030242
030243
030244
030245
030247
030252
030254
030255
030256
030257
030259
030260
030261
030263
030264
030265
030268
030272
030277
030279
030282
030283
030287
030290
030291
030292
030293
030294
030295
030296
030297
030298
030299
0302FA
0302FB
0302FC
0302FD
0302FE
0302FF
0302FG
0302FH
030301
030312
030313
030315
030319
030322
030325
030330
030331
030334
030336
030338
030349
030351
030354
030355
030356
030357
030363
030364
030365
030366
030367
030368
030369
030370
030371
030372
030373
030374
030375
030376
030377
030378
030379
030380
030381
030401
030404
030405
030406
030407
030408
030413
030415
030418
030419
030420
030421
030501
030502
030503
030508
030510
030515
030517
030518
030520
030521
030523
030524
030525
030526
030527
030601
030608
030610
030615
030616
030617
030618
030619
030620
030705
030708
030709
030712
030714
030716
030719
030722
030723
030724
030725
030726
030728
030729
030730
030733
030736
030737
030738
030739
030740
030741
030742
030743
030744
030801
030804
030806
030807
030808
030812
030813
030815
030820
030821
030823
030824
030827
030828
030830
030831
030832
030835
030836
030837
030838
030840
030842
030850
030854
030857
030858
030865
030866
030868
030871
030875
030876
030877
030878
030879
030880
030881
030882
030883
030884
030885
030886
030887
030888
030889
030890
030891
030906
030908
030912
030913
030914
030915
030917
030919
030921
030922
030923
030924
030925
030926
030927
030929
030930
030931
030932
030933
030934
030935
031001
031003
031004
031008
031009
031010
031012
031013
031014
031015
031017
031018
031019
031020
031105
031107
031108
031109
031110
031111
031112
031113
031115
031118
031120
031122
031123
031124
031125
031126
031204
031206
031210
031212
031213
031215
031216
031219
031221
031223
031224
031225
031227
031230
031232
031233
031234
031235
031239
031241
031242
031247
031249
031250
031251
031252
031253
031254
031255
031256
031257
031258
031259
031260
031304
031308
031309
031311
031313
031316
031317
031323
031324
031325
031328
031330
031331
031335
031337
031340
031342
031350
031352
031354
031355
031359
031360
031361
031362
031363
031364
031365
031366
031367
031368
031369
031370
031401
031404
031406
031408
031409
040102
040103
040111
040118
040119
040120
040121
040122
040123
040124
040125
040126
040201
040203
040204
040206
040209
040210
040212
040213
040215
040216
040217
040218
040219
040221
040224
040225
040226
040229
040230
040232
040233
040234
040236
040239
040240
040241
040244
040246
040247
040248
040249
040250
040251
040252
040253
040254
040255
040256
040257
040304
040306
040308
040309
040311
040312
040313
040314
040316
040318
040320
040321
040322
040323
040404
040406
040407
040408
040502
040503
040507
040509
040510
040511
040514
040515
040516
040517
040518
040519
040520
040521
040523
040524
040526
040528
040530
040532
040533
040534
040536
040538
040539
040540
040541
040542
040543
040544
040604
040605
040607
040608
040609
040611
040612
040613
040616
040618
040619
040620
040621
040701
040702
040703
040704
040708
040709
040710
040711
040712
040713
040714
040716
040718
040720
040721
040722
040724
040727
040728
040729
040730
040731
040732
040733
040734
040738
040739
040740
040741
040742
040801
040802
040803
040804
040807
040808
040809
040811
040812
040813
040815
040817
040819
040820
040821
040822
040826
040829
040830
040831
040832
040901
040903
040905
040906
040909
040910
040911
040913
040916
040918
040919
040920
040921
041002
041005
041009
041010
041011
041012
041013
041014
041015
041020
041021
041022
041023
041024
041103
041107
041108
041109
041110
041113
041114
041115
041116
041117
041201
041203
041204
041206
041207
041208
041215
041216
041219
041221
041226
041227
041229
041230
041232
041233
041234
041235
041236
041237
041238
041239
041240
041241
041242
041243
050102
050104
050105
050106
050201
050202
050203
050205
050211
050212
050214
050216
050220
050221
050222
050223
050225
050226
050227
050228
050229
050230
050231
050302
050305
050308
050309
050310
050311
050312
050314
050315
050318
050322
050324
050325
050327
050332
050333
050334
050335
050336
050337
050338
050401
050402
050403
050406
050408
050410
050411
050412
050413
050416
050419
050420
050421
050424
050425
050426
050427
050431
050432
050433
050434
050435
050436
050502
050505
050506
050509
050510
050511
050512
050514
050516
050518
050519
050520
050521
050601
050603
050605
050606
050607
050609
050610
050611
050613
050614
050704
050706
050707
050708
050710
050711
050712
050713
050714
050802
050805
050807
050808
050901
050902
050903
050911
050912
050913
050914
050915
050916
050917
051001
051002
051003
051101
051102
051103
051104
060102
060104
060105
060109
060111
060112
060113
060114
060115
060116
060119
060120
060121
060122
060201
060203
060205
060207
060208
060209
060214
060215
060218
060220
060221
060222
060223
060224
060301
060309
060311
060312
060318
060320
060324
060329
060332
060333
060334
060335
060336
060337
060338
060339
060340
060341
060401
060406
060407
060410
060411
060412
060413
060502
060507
060508
060512
060513
060514
060515
060518
060519
060520
060521
060522
060523
060524
060601
060604
060605
060606
060704
060706
060707
060708
060801
060802
060803
060804
060901
060902
060905
060906
061002
061003
061005
061006
061008
061009
061010
061011
061014
061015
061016
061101
061102
061103
061104
061106
061109
061110
061111
061115
061118
061119
061122
061123
061124
061125
061126
061201
061202
061204
061206
061207
061209
061211
061212
061301
061302
061304
061307
061310
061312
061313
061314
061401
061402
061403
061407
061501
061504
061506
061508
061509
061510
061511
061512
061513
061514
061602
061603
061608
061609
061611
061612
061614
061616
061617
061618
061619
061701
061702
061703
061704
070103
070104
070105
070107
070201
070202
070206
070208
070209
070301
070302
070303
070304
070401
070402
070404
070411
070413
070414
070415
070416
070417
070502
070503
070506
070509
070513
070515
070522
070523
070524
070525
070526
070527
070601
070605
070606
070607
070610
070611
070612
070701
070702
070703
070704
070801
070802
070803
070903
070905
070906
070908
070909
070910
071001
071002
071102
071103
071104
071106
071201
071202
071301
071302
071303
071401
071402
071404
071406
080102
080103
080104
080106
080202
080203
080205
080206
080301
080302
080303
080304
080401
080402
080403
080404
080503
080506
080507
080508
080602
080604
080607
080608
080703
080704
080707
080708
080801
080802
080803
080804
080805
080807
080808
080809
080812
080901
080902
080903
081003
081004
081005
081006
081101
081102
081103
081201
081303
081305
081306
081307
081309
081310
081401
081404
081408
081410
081411
081412
081501
081502
081504
081506
081601
081602
081603
090102
090103
090105
090106
090107
090109
090110
090114
090115
090116
090203
090207
090209
090210
090213
090219
090224
090227
090229
090230
090231
090232
090233
090234
090235
090236
090302
090304
090306
090307
090308
090309
090310
090311
090312
090314
090318
090322
090323
090324
090325
090326
090403
090406
090408
090410
090415
090418
090419
090420
090421
090422
090501
090502
090504
090505
090507
090509
090510
090511
090512
090517
090518
090519
090602
090603
090605
090612
090613
090614
090617
090619
090620
090621
090623
090624
090625
090626
090627
090628
090703
090704
090705
090706
090708
090709
090711
090712
090713
090714
090716
090717
090718
090721
090722
090723
090724
090725
090728
090729
090730
090732
090734
090738
090744
090746
090747
090748
090749
090750
090751
090752
090753
090757
090758
090759
090760
090761
090762
090763
090764
090765
090766
090801
090802
090803
090804
090901
090902
090905
090907
090908
090912
090914
090915
090917
090918
090919
091009
091010
091012
091013
091014
091015
091017
091018
091024
091027
091028
091029
091030
091031
091032
091033
091034
091035
091101
091102
091103
091106
091107
091109
091110
091111
091112
091113
091114
091118
091120
091123
091124
091125
091126
091127
091133
091134
091136
091138
091139
091141
091142
091143
091144
091145
091146
091147
091201
091205
091207
091208
091209
091210
091212
091213
091216
091219
091221
091224
091225
091228
091230
091231
091232
091233
091234
091235
091236
091301
091303
091304
091305
091307
091309
091310
091311
091312
091313
091314
091315
091316
091321
091325
091330
091331
091332
091333
091334
091335
091401
091402
091403
091404
091405
091407
091410
091411
091412
091414
091415
091416
091418
091419
100102
100104
100105
100106
100108
100109
100112
100114
100116
100120
100121
100122
100123
100201
100204
100205
100208
100209
100301
100303
100304
100306
100307
100309
100401
100402
100403
100404
100502
100503
100505
100506
100601
100602
100604
100606
100607
100608
100609
100611
100615
100617
100618
100619
100703
100801
100802
100803
100806
100901
100902
100907
100909
100913
100915
100921
100925
100926
100932
100933
100934
100935
100936
100937
100938
100939
100940
101001
101002
101003
101101
101102
101103
101201
101202
101203
101207
101208
101209
101210
101301
101302
101303
101402
101405
101406
101407
101501
101503
101504
101505
101506
101508
101509
101510
101513
101514
101515
101518
101519
101602
101605
101606
101608
101609
101610
101613
101614
101615
101616
110106
110107
110108
110109
110113
110114
110117
110118
110119
110120
110121
110201
110202
110203
110204
110301
110302
110303
110304
110306
110307
110310
110401
110407
110409
110410
110411
110412
110413
110501
110506
110507
110508
110601
110602
110607
110608
110610
110611
110618
110621
110633
110639
110654
110655
110656
110657
110658
110659
110660
110661
110662
110663
110664
110665
110666
110667
110702
110705
110707
110708
110726
110727
110728
110729
110730
110731
110803
110805
110806
110808
110810
110812
110813
110814
110902
110904
110906
110909
110911
110913
110918
110919
110920
110921
110922
111002
111009
111012
111013
111014
111102
111105
111108
111115
111122
111123
111124
111125
111126
111127
111128
111201
111202
111203
111306
111310
111311
111314
111316
111317
111318
111321
111322
111323
111324
111325
111326
111408
111409
111412
111413
111414
111415
111512
111513
111514
111515
111516
111517
111603
111608
111609
111610
120101
120102
120103
120104
120201
120202
120203
120302
120303
120305
120306
120309
120310
120401
120402
120403
120501
120502
120503
120504
120601
120604
120605
120607
120706
120707
120708
120712
120713
120714
120715
120801
120802
120803
120902
120903
120905
120906
121001
121002
121003
121004
121101
121102
121103
121104
121201
121205
121207
121208
121210
121211
121212
121301
121302
121304
121305
121308
121401
121402
121404
121410
121411
121412
121413
121501
121502
121503
121504
130103
130107
130112
130115
130117
130118
130119
130120
130121
130123
130126
130128
130129
130134
130135
130136
130138
130139
130141
130142
130143
130144
130145
130146
130147
130148
130204
130205
130206
130207
130208
130215
130219
130220
130221
130222
130223
130224
130225
130226
130301
130302
130305
130306
130307
130313
130314
130315
130317
130318
130319
130324
130334
130335
130336
130337
130338
130339
130340
130341
130405
130408
130412
130413
130414
130415
130416
130502
130504
130510
130512
130513
130515
130524
130525
130526
130527
130528
130529
130530
130531
130532
130601
130603
130608
130609
130613
130616
130617
130618
130619
130620
130704
130705
130722
130723
130724
130730
130732
130733
130734
130735
130736
130737
130738
130739
130740
130741
130811
130812
130813
130814
130902
130904
130905
130906
130908
130910
130913
130914
130916
130917
130918
130919
131001
131002
131003
131004
131008
131009
131010
131011
131013
131014
131017
131018
131019
131020
131021
131022
131024
131025
131101
131102
131103
131104
131105
131106
131107
131108
131109
131110
131112
131113
131115
131121
131122
131125
131128
131129
131132
131133
131134
131136
131138
131139
131140
131141
131142
131143
131202
131203
131210
131211
131216
131217
131218
131305
131307
131308
131311
131313
131314
131315
131401
131402
131405
131413
131416
131418
131419
131430
131432
131433
131434
131435
131436
131437
131501
131503
131505
131506
131602
131603
131604
131607
131610
131611
131612
131613
131614
131616
131617
131627
131628
131630
131631
131632
131633
131634
131635
131636
131637
131701
131702
131703
131704
131709
131712
131717
131723
131725
131726
131727
131728
131729
131730
131731
131806
131808
131809
131810
131811
140104
140105
140106
140107
140108
140115
140118
140119
140120
140121
140122
140123
140124
140202
140206
140207
140208
140209
140211
140212
140301
140302
140303
140304
140401
140501
140502
140503
140504
140604
140605
140607
140608
140609
140610
140704
140705
140707
140708
140709
140801
140802
140803
140902
140903
140905
140907
140908
140909
141001
141002
141101
141103
141104
141106
141107
141110
141111
141201
141202
141203
141302
141303
141304
141305
141307
141309
141401
141402
141405
141408
141410
141411
141415
141416
141417
141418
141502
141503
141507
141508
141601
141602
141604
141605
141606
141607
141608
141613
141614
141616
141625
141628
141629
141630
141631
141632
141633
141634
141701
141702
141703
141704
141802
141804
141808
141809
141813
141814
141817
141818
141819
141820
141821
141902
141904
141909
141910
141916
141917
141918
141919
141920
141921
142001
142002
142003
142006
142101
142102
142104
142105
142106
142111
142113
142114
142115
142119
142120
142121
142122
150104
150105
150106
150107
150201
150202
150203
150303
150312
150313
150314
150315
150407
150409
150410
150411
150501
150503
150505
150506
150601
150603
150607
150608
150701
150704
150709
150710
150711
150802
150803
150804
150806
150901
150902
150903
150904
150907
150910
150912
150913
151002
151005
151006
151007
151101
151102
151103
151205
151207
151208
151209
151210
151301
151302
160101
160102
160104
160105
160106
160108
160109
160113
160115
160121
160122
160123
160124
160125
160128
160130
160131
160133
160142
160144
160145
160146
160149
160152
160153
160154
160155
160156
160157
160158
160159
160160
160161
160162
160163
160164
160201
160205
160209
160211
160214
160215
160217
160218
160220
160221
160222
160223
160224
160225
160301
160304
160305
160307
160308
160311
160313
160317
160319
160320
160321
160322
160323
160401
160404
160405
160406
160407
160410
160411
160415
160418
160420
160421
160422
160423
160424
160427
160428
160431
160434
160435
160436
160437
160438
160439
160440
160501
160503
160505
160507
160510
160513
160514
160515
160519
160520
160521
160522
160523
160524
160525
160526
160601
160602
160603
160604
160606
160611
160612
160613
160614
160619
160623
160624
160626
160627
160628
160629
160630
160701
160703
160704
160707
160708
160709
160710
160713
160714
160716
160717
160718
160719
160721
160724
160726
160727
160728
160729
160734
160737
160739
160740
160742
160743
160744
160745
160746
160747
160750
160752
160753
160754
160755
160756
160757
160758
160759
160760
160802
160803
160805
160806
160808
160812
160816
160817
160818
160819
160820
160901
160902
160903
160904
160905
160908
160910
160911
160914
160915
160920
160922
160923
160925
160926
160928
160935
160938
160940
160941
160942
160943
160944
160945
160946
160947
160948
161003
161004
161006
161007
161009
161012
161013
161016
161017
161018
161019
170101
170107
170108
170109
170112
170113
170114
170116
170117
170118
170120
170121
170122
170123
170203
170208
170210
170213
170215
170217
170218
170219
170220
170221
170301
170302
170305
170309
170310
170312
170313
170314
170316
170317
170318
170320
170321
170322
170324
170327
170329
170330
170331
170333
170334
170340
170341
170343
170344
170345
170347
170348
170349
170350
170353
170354
170355
170356
170357
170358
170359
170360
170361
170401
170402
170403
170407
170408
170501
170502
170505
170508
170509
170510
170601
170603
170604
170607
170609
170612
170616
170618
170619
170623
170625
170626
170627
170629
170631
170632
170635
170636
170637
170638
170639
170640
170641
170642
170643
170701
170703
170704
170705
170708
170710
170711
170802
170805
170809
170810
170813
170814
170815
170816
170901
170902
170906
170908
170909
171001
171002
171004
171005
171007
171009
171011
171013
171014
171015
171016
171017
171101
171102
171103
171106
171110
171111
171112
171201
171203
171205
171206
171209
171211
171212
171215
171216
171217
171219
171220
171221
171222
171223
171224
171227
171229
171230
171231
171232
171233
171234
171235
171236
171302
171303
171304
171305
171310
171311
171312
171313
171314
171315
171316
171317
171319
171320
171401
171403
171404
171406
171409
171410
171414
171415
171416
171420
171426
171429
171431
171432
171433
171434
171435
171436
171437
171438
180101
180104
180106
180107
180109
180110
180111
180114
180115
180118
180120
180121
180122
180123
180201
180202
180204
180206
180208
180301
180303
180304
180305
180309
180312
180313
180314
180317
180319
180322
180323
180324
180325
180326
180327
180403
180404
180405
180406
180408
180409
180410
180412
180413
180414
180415
180416
180417
180418
180502
180504
180505
180507
180508
180509
180510
180511
180516
180517
180519
180520
180523
180524
180525
180526
180527
180528
180601
180602
180605
180606
180607
180608
180614
180616
180619
180620
180621
180622
180702
180703
180705
180706
180707
180708
180709
180710
180713
180716
180717
180719
180720
180721
180722
180723
180802
180804
180805
180807
180808
180809
180811
180901
180903
180905
180906
180908
180910
180911
181002
181005
181007
181008
181009
181013
181014
181015
181102
181103
181104
181105
181106
181109
181110
181111
181112
181114
181115
181202
181203
181207
181208
181209
181210
181211
181302
181303
181310
181311
181312
181313
181314
181316
181317
181318
181319
181403
181405
181406
181410
181411
181412
181501
181502
181504
181505
181507
181509
181511
181512
181515
181516
181517
181602
181606
181607
181608
181609
181612
181615
181616
181617
181619
181620
181621
181622
181623
181702
181704
181706
181707
181709
181710
181711
181713
181714
181801
181802
181803
181804
181806
181810
181811
181814
181817
181818
181819
181820
181821
181901
181902
181904
181905
181906
181908
181913
181914
181917
181918
181919
181920
181921
182004
182005
182006
182009
182011
182012
182013
182102
182103
182105
182106
182107
182108
182109
182110
182111
182116
182118
182122
182127
182128
182129
182130
182131
182132
182133
182203
182204
182205
182206
182208
182301
182304
182305
182306
182307
182310
182315
182316
182317
182318
182319
182320
182321
182322
182323
182325
182327
182329
182335
182336
182337
182338
182339
182340
182341
182401
182403
182407
182409
182410
182411
182413
182414
182415
310101
310102
310103
310104
310105
310106
310107
310108
310201
310202
310203
310204
310205
310301
310302
310303
310304
310305
310306
310307
310308
310309
310310
310401
310402
310403
310404
310405
310501
310502
310503
310601
310602
310603
310604
310701
310702
310703
310704
310802
310803
310804
310805
310806
310901
310902
310903
310904
310905
310906
311001
311002
311003
320101
410101
410102
410103
410104
410105
420101
420102
420103
420104
420105
420201
420202
420203
420204
420206
420207
420208
420209
420210
420301
420303
420304
420305
420306
420307
420308
420309
420310
420311
420312
420313
420314
420315
420316
420317
420318
420319
420320
420321
420322
420323
420324
420325
420401
420402
420403
420404
420405
420406
420501
420502
420503
420504
420505
420506
420507
420508
420509
420510
420511
420512
420513
420514
420601
420602
420603
420604
420605
420606
430101
430102
430103
430104
430105
430106
430107
430108
430109
430110
430111
430112
430113
430114
430115
430116
430117
430118
430119
430201
430202
430203
430204
430205
430206
430207
430208
430209
430210
430211
440101
440102
440103
440104
450101
450102
450103
450104
450105
450201
450202
450203
450204
450205
450206
460101
460102
460103
460104
460105
460106
460201
460202
460203
460204
460205
460206
460301
460302
460303
460304
460305
470101
470102
470103
470104
470105
470106
470107
470108
470109
470110
470111
470112
470113
480101
480102
480103
480104
480105
480106
480107
480201
480202
480203
480204
490101
